1,[103.1171875, 103.68359375, 109.27734375, 113.8359375, 116.69921875]

6,[104.33203125, 104.33203125, 104.33203125, 104.3359375, 104.33984375, 104.33984375, 104.33984375, 104.359375]

11,[104.328125, 104.328125, 104.328125, 104.33203125, 104.3359375, 104.3359375, 104.3359375, 104.3359375]

16,[104.328125, 104.328125, 104.328125, 104.33203125, 104.3359375, 104.3359375, 104.3359375, 104.3359375]

21,[104.31640625, 104.3203125, 104.3203125, 104.32421875, 104.32421875, 104.32421875, 104.32421875]

26,[104.3125, 104.3125, 104.3125, 104.31640625, 104.3203125, 104.3203125, 104.3203125]

31,[104.31640625, 104.31640625, 104.31640625, 104.3203125, 104.32421875, 104.32421875, 104.32421875]

36,[104.30859375, 104.30859375, 104.30859375, 104.31640625, 104.31640625, 104.31640625, 104.31640625]

41,[104.30859375, 104.3125, 104.3125, 104.31640625, 104.3203125, 104.3203125, 104.3203125]

46,[104.3046875, 104.3125, 104.3125, 104.31640625, 104.31640625, 104.31640625, 104.31640625]

