1,[103.11328125, 103.6796875, 109.2734375, 113.86328125, 116.6953125]

6,[104.328125, 104.328125, 104.328125, 104.33203125, 104.3359375, 104.3359375, 104.3359375, 104.36328125]

11,[104.328125, 104.328125, 104.328125, 104.33203125, 104.3359375, 104.3359375, 104.3359375, 104.3359375]

16,[104.328125, 104.328125, 104.328125, 104.33203125, 104.3359375, 104.3359375, 104.3359375, 104.3515625]

21,[104.31640625, 104.31640625, 104.31640625, 104.3203125, 104.3203125, 104.3203125, 104.3203125]

26,[104.3125, 104.31640625, 104.31640625, 104.3203125, 104.3203125, 104.3203125, 104.3203125]

31,[104.31640625, 104.31640625, 104.31640625, 104.3203125, 104.3203125, 104.3203125, 104.3203125]

36,[104.3046875, 104.30859375, 104.30859375, 104.31640625, 104.31640625, 104.31640625, 104.31640625]

41,[104.30078125, 104.30859375, 104.30859375, 104.3125, 104.3125, 104.3125, 104.3125]

46,[104.30078125, 104.3046875, 104.3046875, 104.3125, 104.3125, 104.3125, 104.3125]

