1,[103.1171875, 103.68359375, 109.01953125, 113.7890625, 116.6953125]

6,[104.33203125, 104.33203125, 104.33203125, 104.3359375, 104.33984375, 104.33984375, 104.33984375, 104.359375]

11,[104.328125, 104.328125, 104.328125, 104.33203125, 104.3359375, 104.3359375, 104.3359375, 104.3359375]

16,[104.3203125, 104.3203125, 104.3203125, 104.32421875, 104.328125, 104.328125, 104.328125, 104.328125]

21,[104.31640625, 104.31640625, 104.31640625, 104.32421875, 104.32421875, 104.32421875, 104.32421875]

26,[104.30859375, 104.30859375, 104.30859375, 104.3125, 104.31640625, 104.31640625, 104.31640625]

31,[104.3125, 104.31640625, 104.31640625, 104.3203125, 104.3203125, 104.3203125, 104.3203125]

36,[104.30859375, 104.3125, 104.3125, 104.3203125, 104.3203125, 104.3203125, 104.3203125]

41,[104.3046875, 104.30859375, 104.30859375, 104.31640625, 104.31640625, 104.31640625, 104.31640625]

46,[104.30859375, 104.3125, 104.3125, 104.3203125, 104.3203125, 104.3203125, 104.3203125]

