1,[103.11328125, 103.6796875, 109.2734375, 113.984375, 116.7109375]

6,[104.3359375, 104.3359375, 104.3359375, 104.33984375, 104.34375, 104.34375, 104.34375, 104.36328125]

11,[104.328125, 104.328125, 104.328125, 104.33203125, 104.3359375, 104.3359375, 104.3359375, 104.3359375]

16,[104.3203125, 104.3203125, 104.3203125, 104.32421875, 104.328125, 104.328125, 104.328125, 104.34765625]

21,[104.3125, 104.3125, 104.3125, 104.31640625, 104.3203125, 104.3203125, 104.3203125]

26,[104.31640625, 104.31640625, 104.31640625, 104.3203125, 104.3203125, 104.3203125, 104.3203125]

31,[104.30859375, 104.30859375, 104.30859375, 104.3125, 104.31640625, 104.31640625, 104.31640625]

36,[104.30859375, 104.30859375, 104.30859375, 104.31640625, 104.3203125, 104.3203125, 104.3203125]

41,[104.3046875, 104.3125, 104.3125, 104.31640625, 104.31640625, 104.31640625, 104.31640625]

46,[104.3046875, 104.30859375, 104.30859375, 104.31640625, 104.31640625, 104.31640625, 104.31640625]

