1,[678.890625, 679.859375, 681.1875, 682.52734375, 685.24609375, 687.41015625, 689.96484375, 691.9375, 693.58984375, 695.15625, 696.421875, 698.2109375, 699.76953125, 700.9296875, 702.41015625, 703.68359375, 704.97265625, 706.05859375, 707.14453125, 707.81640625, 706.03515625]

6,[678.89453125, 679.6875, 681.1796875, 682.515625, 682.578125, 680.08203125]

11,[678.8984375, 679.69140625, 681.1875, 682.5234375, 682.58203125, 680.0859375]

16,[678.89453125, 679.86328125, 681.18359375, 682.515625, 682.58203125, 680.0859375]

21,[678.89453125, 679.86328125, 681.18359375, 682.51953125, 682.578125, 680.0859375]

26,[678.89453125, 679.30078125, 681.1796875, 682.5078125, 682.578125, 682.578125, 680.0859375]

31,[678.8984375, 679.8671875, 681.19140625, 682.52734375, 682.58203125, 680.08984375]

36,[678.89453125, 679.69140625, 681.1796875, 682.5078125, 682.578125, 680.08203125]

41,[678.890625, 679.66796875, 681.17578125, 682.5078125, 682.57421875, 680.08203125]

46,[678.89453125, 679.30078125, 681.17578125, 682.5078125, 682.578125, 680.08203125]

