1,[102.953125, 104.09375, 140.546875, 166.9375, 191.83984375, 213.22265625, 234.84765625, 258.296875, 278.69921875, 298.7109375, 318.55859375, 336.30078125, 354.1015625, 372.2578125, 376.20703125]

6,[102.953125, 104.10546875, 140.2421875, 166.46484375, 192.4453125, 215.015625, 237.3046875, 259.9140625, 278.94140625, 297.84765625, 317.09375, 335.4609375, 353.53125, 355.52734375]

11,[102.95703125, 104.09765625, 139.39453125, 165.66015625, 191.84375, 214.0234375, 237.0859375, 259.31640625, 277.53125, 297.6171875, 316.7890625, 336.89453125, 348.89453125]

16,[102.95703125, 104.09765625, 140.484375, 166.375, 192.0546875, 214.4609375, 237.5703125, 260.3671875, 279.1640625, 299.04296875, 318.1875, 337.73046875, 346.36328125]

21,[102.94921875, 104.1015625, 139.37890625, 165.765625, 191.2734375, 213.96484375, 237.37109375, 260.39453125, 279.734375, 299.92578125, 318.609375, 337.55859375, 346.31640625]

26,[102.953125, 104.10546875, 138.75390625, 163.8046875, 189.15234375, 211.80078125, 234.921875, 257.49609375, 276.390625, 296.38671875, 315.36328125, 334.015625, 346.34375]

31,[102.95703125, 104.09765625, 140.06640625, 166.5390625, 192.546875, 215.515625, 238.86328125, 261.9375, 280.55078125, 300.65234375, 319.14453125, 338.95703125, 346.37890625]

36,[102.95703125, 104.09765625, 140.23828125, 166.90625, 193.640625, 216.01953125, 239.75, 261.9375, 282.98046875, 304.25390625, 323.41015625, 343.21484375, 344.0546875]

41,[102.95703125, 104.09765625, 140.85546875, 168.16015625, 195.0390625, 218.31640625, 242.2734375, 264.54296875, 284.859375, 305.2109375, 324.02734375, 343.6640625, 344.06640625]

46,[102.953125, 104.46484375, 140.67578125, 167.55859375, 194.32421875, 218.078125, 242.27734375, 264.9140625, 285.4765625, 306.265625, 325.86328125, 344.0625]

