1,[102.95703125, 104.09765625, 140.546875, 167.30078125, 192.62109375, 214.484375, 235.84375, 258.29296875, 278.09375, 298.32421875, 318.4453125, 336.30859375, 354.61328125, 372.140625, 376.2109375]

6,[102.95703125, 104.09765625, 139.6328125, 166.078125, 191.06640625, 213.6953125, 235.84765625, 258.578125, 277.5703125, 296.59375, 315.90234375, 334.63671875, 353.42578125, 355.56640625]

11,[102.95703125, 104.09765625, 137.35546875, 161.90234375, 185.9453125, 207.8046875, 228.49609375, 249.6328125, 268.22265625, 286.4140625, 305.62890625, 323.2578125, 341.4296875, 348.88671875]

16,[102.953125, 104.10546875, 139.3828125, 165.7734375, 191.61328125, 214.046875, 237.23828125, 259.6796875, 278.26953125, 297.578125, 315.56640625, 334.3203125, 346.3046875]

21,[102.953125, 104.09375, 140.01953125, 166.375, 192.36328125, 215.51171875, 238.59765625, 261.58984375, 280.3671875, 300.046875, 319.203125, 339.171875, 346.3515625]

26,[102.9609375, 104.609375, 141.05078125, 167.390625, 193.97265625, 216.5546875, 239.94140625, 261.953125, 282.01953125, 302.7734375, 320.93359375, 340.25390625, 346.36328125]

31,[102.95703125, 104.09765625, 140.23828125, 166.53515625, 192.81640625, 215.40234375, 238.6015625, 260.9375, 279.73828125, 299.63671875, 318.33984375, 338.68359375, 346.375]

36,[102.953125, 104.09375, 140.44140625, 166.21484375, 190.7265625, 212.1953125, 234.73046875, 256.56640625, 275.1484375, 295.50390625, 314.5, 334.32421875, 344.05859375]

41,[102.953125, 104.09375, 139.62890625, 165.65625, 191.1484375, 213.4140625, 236.359375, 258.62109375, 276.91015625, 296.1328125, 314.49609375, 333.08203125, 344.05859375]

46,[102.95703125, 104.09765625, 140.06640625, 166.375, 192.81640625, 214.625, 237.37109375, 259.52734375, 277.83203125, 297.8515625, 317.0, 336.578125, 344.0625]

