1,[102.95703125, 104.09765625, 141.76171875, 169.1484375, 195.8046875, 218.99609375, 242.8515625, 266.6796875, 287.37109375, 307.65234375, 328.2265625, 347.5234375, 366.29296875, 376.21484375]

6,[102.953125, 105.0703125, 141.5234375, 168.53515625, 194.71484375, 217.69921875, 240.64453125, 264.4453125, 284.828125, 305.40234375, 325.53125, 345.54296875, 355.52734375]

11,[102.9609375, 104.1015625, 141.2734375, 168.65625, 195.50390625, 218.48828125, 241.90625, 264.59765625, 284.84765625, 305.6015625, 324.6640625, 344.1796875, 348.89453125]

16,[102.953125, 104.09375, 141.46875, 169.1875, 196.1953125, 219.46875, 243.265625, 265.1171875, 285.109375, 305.375, 324.35546875, 343.59375, 346.34375]

21,[102.95703125, 104.09765625, 141.47265625, 168.91015625, 196.04296875, 219.484375, 243.8203125, 265.9296875, 286.71875, 307.15234375, 326.0390625, 346.07421875, 346.3671875]

26,[102.95703125, 104.1015625, 141.30859375, 168.46875, 195.29296875, 218.67578125, 243.359375, 265.40625, 285.53515625, 306.80859375, 326.234375, 346.35546875]

31,[102.94921875, 104.1015625, 141.3203125, 168.91015625, 195.953125, 219.0859375, 243.5859375, 265.375, 285.59375, 305.7265625, 324.51953125, 343.9453125, 346.33203125]

36,[102.95703125, 104.09765625, 140.85546875, 167.23828125, 193.81640625, 216.95703125, 240.98046875, 263.55078125, 283.87890625, 304.578125, 323.41015625, 343.7890625, 344.06640625]

41,[102.953125, 104.32421875, 141.46875, 169.05078125, 195.8125, 219.59375, 244.2734375, 265.54296875, 285.08984375, 304.90625, 323.65234375, 343.66015625, 344.0625]

46,[102.95703125, 104.09765625, 141.31640625, 168.16015625, 194.51171875, 217.45703125, 241.1796875, 263.6875, 284.4375, 305.11328125, 324.640625, 344.06640625]

