1,[102.953125, 104.09375, 140.74609375, 167.58984375, 193.54296875, 216.8671875, 239.1640625, 262.4609375, 283.3515625, 304.05078125, 324.15234375, 344.5078125, 363.7890625, 376.2109375]

6,[102.95703125, 104.09765625, 141.47265625, 169.140625, 195.76953125, 219.1796875, 243.1953125, 266.41796875, 286.15234375, 306.390625, 326.3984375, 346.09375, 355.5625]

11,[102.953125, 104.09375, 141.71875, 169.5390625, 196.86328125, 220.72265625, 244.76171875, 265.88671875, 285.47265625, 305.89453125, 324.875, 345.2890625, 348.88671875]

16,[102.953125, 104.09375, 140.67578125, 167.6875, 195.03515625, 218.84375, 242.0390625, 264.71875, 285.12890625, 306.25, 325.36328125, 345.76171875, 346.3515625]

21,[102.94921875, 104.1015625, 141.734375, 168.4765625, 194.5078125, 217.5078125, 241.17578125, 262.95703125, 284.02734375, 305.38671875, 324.6875, 344.6484375, 346.32421875]

26,[102.95703125, 104.8359375, 141.6796875, 169.0625, 195.81640625, 218.40234375, 241.9140625, 264.13671875, 284.40234375, 305.234375, 324.4140625, 344.36328125, 346.3828125]

31,[102.94921875, 104.1015625, 141.3203125, 168.66015625, 195.61328125, 219.23828125, 243.5859375, 265.56640625, 286.05078125, 306.875, 325.98046875, 346.14453125, 346.33203125]

36,[102.953125, 104.09375, 141.67578125, 168.76171875, 195.03515625, 218.39453125, 242.8046875, 264.74609375, 285.171875, 306.05859375, 326.01953125, 344.0625]

41,[102.94921875, 104.1015625, 141.09375, 168.65234375, 195.61328125, 218.50390625, 242.71484375, 264.984375, 285.20703125, 306.09765625, 325.70703125, 344.01953125]

46,[102.95703125, 104.09765625, 140.23828125, 165.91015625, 192.0546875, 214.4140625, 237.83984375, 260.515625, 279.69921875, 300.203125, 320.0078125, 339.75, 344.06640625]

