1,[678.890625, 679.4296875, 681.17578125, 682.5078125, 683.984375, 686.65234375, 689.1171875, 691.3046875, 692.98828125, 694.58203125, 695.33203125, 697.203125, 698.94140625, 700.359375, 701.59375, 702.9609375, 704.20703125, 705.53515625, 706.6953125, 707.421875, 706.0234375]

6,[678.890625, 679.296875, 681.17578125, 682.50390625, 682.578125, 682.578125, 680.0859375]

11,[678.89453125, 679.703125, 681.18359375, 682.515625, 682.58203125, 680.08984375]

16,[678.89453125, 679.30078125, 681.17578125, 682.5, 682.56640625, 682.58203125, 680.0859375]

21,[678.89453125, 679.30078125, 681.16796875, 681.23828125, 682.546875, 682.578125, 680.0859375]

26,[678.890625, 679.43359375, 681.171875, 682.4921875, 682.5546875, 682.57421875, 680.078125]

31,[678.8984375, 679.69921875, 681.1796875, 682.5, 682.5625, 682.58203125, 680.08984375]

36,[678.890625, 679.296875, 681.171875, 682.49609375, 682.57421875, 682.57421875, 680.08203125]

41,[678.890625, 679.6953125, 681.171875, 682.5, 682.57421875, 682.57421875, 680.08203125]

46,[678.8984375, 679.3046875, 681.17578125, 682.5, 682.56640625, 682.58203125, 680.0859375]

