1,[587.44140625, 588.171875, 590.0390625, 590.07421875, 591.9921875, 600.5546875, 607.6875, 614.3203125, 619.98828125, 624.203125, 630.02734375, 635.9453125, 641.58984375, 647.0234375, 652.48828125, 657.7734375, 663.15234375, 666.49609375, 671.1796875, 676.0859375, 681.2265625, 686.1171875, 691.27734375, 696.17578125, 700.984375, 705.75, 709.0625, 709.57421875, 709.40625, 708.32421875]

6,[587.44140625, 588.171875, 590.0390625, 590.08203125, 590.34375, 590.3984375, 590.41015625, 590.43359375, 590.43359375, 590.4453125, 590.453125, 589.2890625]

11,[587.4375, 588.16796875, 590.03515625, 590.07421875, 590.1328125, 590.1328125, 590.1328125, 590.1328125, 590.1328125, 588.8984375]

16,[587.4375, 588.16796875, 590.03515625, 590.07421875, 590.13671875, 590.13671875, 590.13671875, 590.13671875, 590.13671875, 588.8984375]

21,[587.44140625, 588.171875, 590.0390625, 590.07421875, 590.140625, 590.140625, 590.140625, 590.140625, 588.90234375]

26,[587.4375, 588.16796875, 590.03515625, 590.07421875, 590.1328125, 590.1328125, 590.1328125, 590.1328125, 588.8984375]

31,[587.44140625, 588.17578125, 590.04296875, 590.08203125, 590.13671875, 590.13671875, 590.13671875, 590.13671875, 588.890625]

36,[587.4375, 588.16796875, 590.03515625, 590.07421875, 590.13671875, 590.13671875, 590.13671875, 590.13671875, 588.8984375]

41,[587.4375, 588.16796875, 590.03125, 590.06640625, 590.125, 590.125, 590.125, 590.125, 588.89453125]

46,[587.44140625, 588.171875, 590.0390625, 590.078125, 590.12890625, 590.12890625, 588.88671875]

