1,[587.4375, 588.1640625, 590.0390625, 590.08203125, 596.17578125, 604.65234375, 612.05859375, 619.0078125, 623.34765625, 630.09765625, 636.484375, 642.703125, 648.640625, 654.4453125, 660.3359375, 666.09765625, 669.47265625, 675.32421875, 680.828125, 686.390625, 691.7265625, 697.18359375, 702.4765625, 707.79296875, 709.0546875, 709.39453125, 708.3203125]

6,[587.4375, 588.1640625, 590.0390625, 590.0859375, 590.37109375, 590.3984375, 590.41796875, 590.42578125, 590.44140625, 590.453125, 589.28515625]

11,[587.4375, 588.16796875, 590.0390625, 590.0859375, 590.13671875, 590.13671875, 590.13671875, 590.13671875, 588.890625]

16,[587.44140625, 588.171875, 590.046875, 590.08984375, 590.13671875, 590.13671875, 590.13671875, 590.13671875, 588.89453125]

21,[587.44140625, 588.171875, 590.046875, 590.08984375, 590.13671875, 590.13671875, 590.13671875, 588.890625]

26,[587.44140625, 588.171875, 590.04296875, 590.0859375, 590.13671875, 590.13671875, 590.13671875, 590.13671875, 588.88671875]

31,[587.44140625, 588.16796875, 590.04296875, 590.0859375, 590.13671875, 590.13671875, 590.13671875, 590.13671875, 588.88671875]

36,[587.44140625, 588.171875, 590.0390625, 590.08203125, 590.140625, 590.140625, 590.140625, 590.140625, 588.90234375]

41,[587.44140625, 588.171875, 590.04296875, 590.078125, 590.12890625, 590.12890625, 590.12890625, 588.8828125]

46,[587.44140625, 588.171875, 590.0390625, 590.078125, 590.12890625, 590.12890625, 588.88671875]

