1,[587.44140625, 588.171875, 590.0390625, 590.078125, 593.0859375, 601.12109375, 608.05078125, 614.41015625, 619.984375, 624.203125, 630.02734375, 635.76171875, 641.16015625, 646.5078125, 651.76953125, 656.78515625, 661.9140625, 666.5, 669.984375, 674.8828125, 679.765625, 684.671875, 689.56640625, 694.1875, 698.859375, 703.55078125, 708.1328125, 709.05859375, 709.40234375, 709.40234375, 708.32421875]

6,[587.4375, 588.16796875, 590.03125, 590.0703125, 590.30859375, 590.3828125, 590.40625, 590.421875, 590.4296875, 590.4375, 590.44921875, 589.28515625]

11,[587.44140625, 588.171875, 590.0390625, 590.07421875, 590.13671875, 590.13671875, 590.13671875, 590.13671875, 590.13671875, 588.8984375]

16,[587.4375, 588.16796875, 590.03515625, 590.07421875, 590.13671875, 590.13671875, 590.13671875, 590.13671875, 590.13671875, 588.8984375]

21,[587.44140625, 588.171875, 590.0390625, 590.078125, 590.13671875, 590.13671875, 590.13671875, 590.13671875, 588.89453125]

26,[587.44140625, 588.171875, 590.0390625, 590.07421875, 590.13671875, 590.13671875, 590.13671875, 590.13671875, 588.8984375]

31,[587.4375, 588.16796875, 590.03515625, 590.07421875, 590.1328125, 590.1328125, 590.1328125, 590.1328125, 588.89453125]

36,[587.4375, 588.16796875, 590.03515625, 590.07421875, 590.1328125, 590.1328125, 590.1328125, 590.1328125, 588.89453125]

41,[587.44140625, 588.171875, 590.0390625, 590.078125, 590.12890625, 590.12890625, 590.12890625, 588.89453125]

46,[587.4375, 588.16796875, 590.03515625, 590.0703125, 590.125, 590.125, 590.125, 588.8828125]

