1,[587.44140625, 588.171875, 590.0390625, 590.07421875, 592.359375, 600.35546875, 607.30078125, 613.73828125, 619.74609375, 623.6953125, 629.265625, 635.0859375, 640.47265625, 645.79296875, 651.04296875, 656.0703125, 661.13671875, 666.078125, 668.953125, 673.765625, 678.6484375, 683.8046875, 688.5625, 693.28515625, 698.08203125, 702.69140625, 707.5, 709.0625, 709.40625, 709.40625, 708.32421875]

6,[587.4375, 588.1640625, 590.03125, 590.0703125, 590.30078125, 590.37890625, 590.40625, 590.41796875, 590.4296875, 590.44140625, 590.453125, 589.28515625]

11,[587.4375, 588.16796875, 590.03515625, 590.07421875, 590.13671875, 590.13671875, 590.13671875, 590.13671875, 590.13671875, 588.8984375]

16,[587.44140625, 588.171875, 590.0390625, 590.078125, 590.140625, 590.140625, 590.140625, 590.140625, 590.140625, 588.90234375]

21,[587.44140625, 588.171875, 590.0390625, 590.078125, 590.13671875, 590.13671875, 590.13671875, 590.13671875, 588.8984375]

26,[587.44140625, 588.171875, 590.0390625, 590.078125, 590.13671875, 590.13671875, 590.13671875, 590.13671875, 588.88671875]

31,[587.44140625, 588.171875, 590.0390625, 590.078125, 590.13671875, 590.13671875, 590.13671875, 590.13671875, 588.88671875]

36,[587.44140625, 588.171875, 590.0390625, 590.078125, 590.13671875, 590.13671875, 590.13671875, 590.13671875, 588.88671875]

41,[587.4375, 588.1640625, 590.03125, 590.07421875, 590.125, 590.125, 590.125, 588.87890625]

46,[587.4375, 588.16796875, 590.03515625, 590.07421875, 590.125, 590.125, 590.125, 588.8828125]

