1,[587.4375, 588.16796875, 590.03515625, 590.07421875, 593.18359375, 601.09765625, 607.90234375, 614.21875, 619.984375, 623.92578125, 629.5, 635.265625, 640.55859375, 645.9296875, 651.14453125, 656.171875, 661.26171875, 666.1796875, 669.20703125, 674.05859375, 678.94140625, 683.83984375, 688.65625, 693.3359375, 698.03515625, 702.5703125, 707.21875, 709.05859375, 709.40234375, 709.40234375, 708.3203125]

6,[587.4375, 588.16796875, 590.0390625, 590.078125, 590.32421875, 590.3828125, 590.40625, 590.421875, 590.4296875, 590.4453125, 590.453125, 589.28515625]

11,[587.44140625, 588.171875, 590.0390625, 590.078125, 590.140625, 590.140625, 590.140625, 590.140625, 590.140625, 588.90234375]

16,[587.44140625, 588.171875, 590.0390625, 590.078125, 590.13671875, 590.13671875, 590.13671875, 590.13671875, 590.13671875, 588.90234375]

21,[587.44140625, 588.171875, 590.0390625, 590.078125, 590.140625, 590.140625, 590.140625, 590.140625, 588.890625]

26,[587.44140625, 588.171875, 590.0390625, 590.078125, 590.13671875, 590.13671875, 590.13671875, 590.13671875, 588.88671875]

31,[587.4375, 588.16796875, 590.03515625, 590.07421875, 590.1328125, 590.1328125, 590.1328125, 590.1328125, 588.8828125]

36,[587.4375, 588.16796875, 590.03515625, 590.07421875, 590.13671875, 590.13671875, 590.13671875, 590.13671875, 588.88671875]

41,[587.4375, 588.16796875, 590.0390625, 590.078125, 590.125, 590.125, 590.125, 588.87890625]

46,[587.44140625, 588.171875, 590.0390625, 590.078125, 590.12890625, 590.12890625, 588.88671875]

