1,[103.0859375, 103.69921875, 140.4609375, 173.9453125, 198.953125, 216.17578125, 235.37109375, 250.96875, 267.97265625, 285.0078125, 296.96875, 313.20703125, 329.625, 341.140625, 356.08203125, 371.41796875, 385.84765625, 397.96484375, 410.09375, 423.75390625, 433.8046875, 435.30078125, 428.046875]

6,[103.0859375, 103.69921875, 139.86328125, 173.390625, 198.90625, 216.2109375, 235.3984375, 251.2578125, 267.75, 284.21484375, 295.71484375, 311.1796875, 327.7890625, 337.94921875, 353.91796875, 369.14453125, 383.8359375, 398.0078125, 407.71484375, 421.6328125, 436.0703125, 426.4765625]

11,[103.08984375, 103.70703125, 140.6640625, 173.6171875, 198.62109375, 216.05859375, 235.50390625, 251.6171875, 268.5, 285.3984375, 297.1015625, 313.59765625, 329.91796875, 341.546875, 356.2265625, 371.47265625, 385.90234375, 398.01953125, 410.3046875, 423.92578125, 440.08984375, 426.47265625]

16,[103.08984375, 103.70703125, 139.453125, 171.04296875, 196.80859375, 213.828125, 233.02734375, 248.87890625, 265.2421875, 282.01171875, 294.23046875, 309.6953125, 326.16015625, 336.97265625, 352.68359375, 367.81640625, 382.765625, 397.1953125, 405.94140625, 419.859375, 433.8046875, 426.47265625]

21,[103.10546875, 103.703125, 139.109375, 171.5625, 197.328125, 214.5546875, 234.0, 249.859375, 266.09375, 282.7578125, 294.90625, 310.62890625, 327.8671875, 338.78515625, 354.75390625, 369.66015625, 384.86328125, 398.0078125, 409.97265625, 424.1484375, 439.3046875, 426.46875]

26,[103.0859375, 103.69921875, 142.2734375, 177.7421875, 201.75, 219.13671875, 239.59765625, 256.234375, 273.09765625, 286.19140625, 302.4296875, 318.9296875, 335.09765625, 347.21484375, 362.70703125, 379.1953125, 394.3984375, 403.93359375, 418.37890625, 436.1328125, 426.46875]

31,[103.08984375, 103.70703125, 142.01171875, 176.75390625, 201.53125, 218.6171875, 238.55859375, 255.1953125, 272.3671875, 285.39453125, 300.89453125, 317.13671875, 332.89453125, 344.5625, 360.0234375, 375.8125, 390.75, 401.05859375, 415.88671875, 429.75, 426.47265625]

36,[103.109375, 103.70703125, 141.17578125, 175.0703125, 199.30859375, 217.03125, 236.48046875, 252.8359375, 270.484375, 285.3984375, 300.03515625, 316.53515625, 332.84375, 345.03125, 360.23828125, 376.36328125, 391.30859375, 401.36328125, 416.1015625, 429.88671875, 426.47265625]

41,[103.08984375, 103.70703125, 142.5234375, 177.2109375, 201.19921875, 218.56640625, 238.76171875, 255.66015625, 272.796875, 285.97265625, 302.2109375, 318.7109375, 334.984375, 347.15625, 362.671875, 378.89453125, 393.83984375, 403.6328125, 418.05078125, 435.37890625, 426.47265625]

46,[103.10546875, 103.703125, 142.46484375, 177.5703125, 201.33203125, 218.359375, 238.0625, 254.68359375, 271.5546875, 285.390625, 299.8046875, 316.046875, 332.08984375, 343.65234375, 357.828125, 371.6796875, 386.10546875, 397.9609375, 410.3984375, 423.94140625, 437.0390625, 426.46875]

