1,[103.10546875, 103.703125, 138.08203125, 169.52734375, 195.66015625, 213.1875, 231.59765625, 246.93359375, 263.1953125, 279.0546875, 291.40625, 306.35546875, 322.27734375, 335.41796875, 348.55859375, 363.1796875, 378.3828125, 391.98828125, 400.36328125, 413.5078125, 426.13671875, 435.0859375, 440.046875, 428.0546875]

6,[103.10546875, 103.703125, 138.8515625, 170.48046875, 196.4921875, 213.1875, 232.1953125, 247.53515625, 263.67578125, 279.78125, 290.91796875, 304.3203125, 318.59375, 332.7421875, 343.18359375, 357.09765625, 371.71875, 385.63671875, 398.05078125, 407.8046875, 420.43359375, 433.80078125, 440.11328125, 426.4765625]

11,[103.10546875, 103.703125, 138.33984375, 169.2734375, 195.0, 213.1875, 230.31640625, 245.3984375, 261.94140625, 277.8203125, 290.3671875, 305.05859375, 320.1640625, 334.84765625, 345.1640625, 358.82421875, 373.2265625, 387.140625, 398.046875, 410.46484375, 423.09375, 437.8828125, 426.46875]

16,[103.08984375, 103.70703125, 138.85546875, 169.69140625, 195.6953125, 213.1875, 231.140625, 245.96484375, 261.48828125, 276.61328125, 288.75390625, 302.9296875, 318.08984375, 332.51953125, 343.08203125, 356.48046875, 370.4453125, 384.1015625, 397.69921875, 406.3203125, 418.953125, 432.1015625, 435.47265625, 426.47265625]

21,[103.08984375, 103.70703125, 137.9140625, 169.01171875, 195.78515625, 213.19140625, 231.99609375, 247.33984375, 263.80859375, 279.65234375, 291.67578125, 306.109375, 321.19921875, 335.671875, 347.3359375, 361.42578125, 376.8359375, 391.0078125, 399.83984375, 413.75390625, 426.3828125, 440.0390625, 426.47265625]

26,[103.08984375, 103.70703125, 138.85546875, 170.46875, 196.2265625, 213.1875, 231.06640625, 245.890625, 261.91015625, 276.8515625, 288.44140625, 302.6171875, 316.97265625, 331.39453125, 341.8125, 355.73046875, 369.66796875, 383.84375, 397.1953125, 405.2109375, 418.09765625, 430.46484375, 426.47265625]

31,[103.109375, 103.70703125, 139.375, 170.9609375, 196.5703125, 213.59375, 232.28515625, 247.875, 263.73828125, 279.3359375, 290.87109375, 304.7890625, 318.984375, 333.39453125, 344.0859375, 356.97265625, 371.421875, 385.078125, 398.05078125, 407.95703125, 421.1015625, 439.9609375, 426.47265625]

36,[103.08984375, 103.703125, 138.91796875, 170.0234375, 195.51953125, 213.1875, 231.18359375, 246.51953125, 262.8125, 278.1484375, 290.37890625, 304.5546875, 319.91015625, 335.36328125, 346.31640625, 360.484375, 375.5859375, 388.2109375, 398.05078125, 409.15234375, 420.4921875, 439.1953125, 426.47265625]

41,[103.109375, 103.70703125, 139.890625, 170.5, 196.2734375, 213.19140625, 229.921875, 245.26171875, 260.53125, 275.74609375, 288.11328125, 302.546875, 317.1953125, 332.39453125, 343.98828125, 358.421875, 373.484375, 386.625, 398.05078125, 409.0390625, 421.66796875, 439.96484375, 426.47265625]

46,[103.08984375, 103.70703125, 139.6953125, 172.140625, 197.3984375, 214.50390625, 233.18359375, 248.78515625, 264.33984375, 280.4140625, 292.30859375, 307.0, 323.453125, 335.671875, 348.81640625, 363.75, 378.17578125, 391.83203125, 400.23828125, 413.89453125, 426.78125, 440.0390625, 426.47265625]

