1,[103.109375, 103.70703125, 139.890625, 171.9375, 197.2109375, 213.91796875, 232.859375, 248.0234375, 264.1875, 280.35546875, 292.1875, 306.87890625, 322.59765625, 335.671875, 347.453125, 360.8515625, 374.55859375, 386.92578125, 398.05078125, 408.85546875, 421.484375, 431.54296875, 433.328125, 434.3828125, 428.05859375]

6,[103.08984375, 103.70703125, 138.76171875, 169.94921875, 196.21875, 213.19140625, 231.6640625, 246.75, 262.921875, 277.49609375, 289.0546875, 302.45703125, 316.73828125, 331.41796875, 341.72265625, 355.3828125, 369.359375, 383.27734375, 396.72265625, 404.046875, 417.19140625, 429.04296875, 435.8046875, 426.48046875]

11,[103.0859375, 103.69921875, 138.42578125, 169.7734375, 195.51953125, 213.18359375, 230.9140625, 246.50390625, 263.14453125, 279.01953125, 291.47265625, 306.1640625, 322.3046875, 335.66796875, 348.609375, 363.22265625, 378.421875, 392.078125, 400.390625, 414.046875, 426.67578125, 433.56640625, 426.46875]

16,[103.109375, 103.70703125, 139.890625, 171.50390625, 197.02734375, 213.89453125, 232.8359375, 248.171875, 264.3203125, 280.24609375, 291.7578125, 305.67578125, 320.625, 335.56640625, 346.515625, 360.69140625, 375.59375, 388.9921875, 398.05078125, 410.96875, 421.79296875, 433.5546875, 426.47265625]

21,[103.0859375, 103.703125, 139.44140625, 171.55078125, 197.3125, 214.3671875, 233.5625, 249.41796875, 265.2421875, 281.27734375, 292.81640625, 307.5078125, 323.4375, 335.66796875, 347.64453125, 361.421875, 376.31640625, 390.48828125, 399.33984375, 412.73828125, 425.8828125, 440.03515625, 426.46875]

26,[103.08984375, 103.703125, 139.98046875, 171.9296875, 197.4375, 214.63671875, 233.82421875, 248.9140625, 264.484375, 280.5078125, 292.359375, 307.05078125, 323.47265625, 335.67578125, 349.609375, 364.734375, 378.90234375, 391.26953125, 399.296875, 412.6953125, 425.58203125, 440.0390625, 426.47265625]

31,[103.08984375, 103.70703125, 139.53125, 171.80078125, 197.05078125, 213.9765625, 232.66796875, 248.00390625, 263.87109375, 279.4296875, 291.39453125, 305.5703125, 321.296875, 335.671875, 347.18359375, 360.84375, 375.8046875, 388.9453125, 398.0546875, 412.01171875, 425.15625, 440.0390625, 426.47265625]

36,[103.109375, 103.70703125, 138.6015625, 169.671875, 195.69140625, 213.1875, 231.4765625, 247.0703125, 263.48828125, 279.05078125, 291.21875, 305.13671875, 319.98828125, 335.44140625, 346.65625, 361.08984375, 376.06640625, 389.98046875, 398.69921875, 412.87109375, 426.015625, 440.0390625, 426.47265625]

41,[103.10546875, 103.703125, 139.88671875, 171.97265625, 197.2421875, 214.4453125, 233.37890625, 249.046875, 265.09375, 281.52734375, 293.15234375, 308.1015625, 323.80859375, 335.66796875, 349.125, 363.1796875, 378.640625, 392.296875, 400.96875, 414.88671875, 427.76953125, 426.46875]

46,[103.11328125, 103.7109375, 139.63671875, 171.61328125, 196.625, 213.40625, 232.265625, 247.51171875, 263.6796875, 279.59375, 291.9140625, 306.60546875, 322.74609375, 335.67578125, 349.13671875, 363.1875, 377.87109375, 391.26953125, 399.83984375, 413.7578125, 426.12890625, 440.04296875, 426.4765625]

