1,[103.109375, 103.70703125, 138.859375, 168.51171875, 194.890625, 213.19140625, 229.28125, 245.1328125, 260.66015625, 276.078125, 288.51171875, 302.42578125, 316.60546875, 330.78515625, 340.59765625, 354.58984375, 368.640625, 382.30859375, 396.0078125, 403.3359375, 416.32421875, 428.65625, 440.08203125, 440.3046875, 428.0546875]

6,[103.0859375, 103.69921875, 139.6953125, 170.875, 196.62890625, 213.19140625, 232.34375, 247.9375, 263.6796875, 279.4296875, 291.50390625, 305.6796875, 321.15234375, 335.671875, 346.2578125, 359.91796875, 374.30078125, 387.69921875, 398.05078125, 408.76953125, 420.625, 433.05859375, 440.18359375, 426.4765625]

11,[103.109375, 103.70703125, 138.34375, 169.94921875, 196.0546875, 213.19140625, 231.921875, 247.0, 263.01953125, 278.6328125, 291.03125, 305.46484375, 321.34765625, 335.515625, 347.625, 361.171875, 375.546875, 388.6875, 398.05078125, 411.7265625, 424.87109375, 440.06640625, 426.47265625]

16,[103.09375, 103.70703125, 137.65234375, 167.73046875, 194.5, 213.19140625, 230.546875, 245.8828125, 261.375, 276.7734375, 288.96875, 302.62890625, 317.23828125, 332.4375, 343.3828125, 357.140625, 370.94921875, 384.09375, 397.45703125, 404.40625, 416.77734375, 429.40234375, 440.0546875, 426.4765625]

21,[103.0859375, 103.703125, 138.68359375, 170.296875, 196.30859375, 213.1875, 232.2421875, 247.8359375, 263.8515625, 279.84765625, 291.625, 305.54296875, 320.74609375, 334.90234375, 345.99609375, 360.171875, 375.0703125, 388.984375, 398.05078125, 411.7578125, 424.38671875, 435.53515625, 426.46875]

26,[103.109375, 103.70703125, 138.859375, 170.4609375, 196.03125, 213.19140625, 231.36328125, 246.44140625, 262.4296875, 278.30078125, 290.37109375, 305.0625, 320.734375, 335.16015625, 345.46484375, 359.125, 373.23046875, 386.88671875, 398.05078125, 409.8671875, 422.23828125, 439.703125, 426.47265625]

31,[103.08984375, 103.70703125, 137.66015625, 168.75390625, 195.53125, 213.19140625, 231.65625, 246.484375, 262.8046875, 278.3125, 290.6484375, 305.08203125, 320.3828125, 335.06640625, 345.36328125, 358.765625, 373.78515625, 386.92578125, 398.05078125, 410.03125, 423.17578125, 432.91015625, 426.47265625]

36,[103.10546875, 103.703125, 137.82421875, 168.66796875, 195.453125, 213.18359375, 231.765625, 247.0078125, 263.0625, 278.640625, 290.3828125, 303.78515625, 318.140625, 331.2734375, 341.3125, 355.484375, 369.14453125, 382.80859375, 396.39453125, 403.86328125, 417.00390625, 428.6015625, 426.46875]

41,[103.0859375, 103.703125, 138.6640625, 170.28125, 196.03125, 213.1875, 231.578125, 246.6640625, 262.5703125, 278.390625, 290.4921875, 304.66796875, 320.203125, 334.88671875, 345.9609375, 359.62109375, 374.25390625, 387.39453125, 398.046875, 410.046875, 422.67578125, 439.96484375, 426.46875]

46,[103.109375, 103.70703125, 139.1171875, 171.2109375, 196.99609375, 213.60546875, 232.8046875, 247.76953125, 263.90234375, 279.578125, 291.6015625, 306.29296875, 322.38671875, 335.671875, 348.26171875, 362.1953125, 376.83984375, 390.23828125, 398.69140625, 412.34765625, 424.71875, 436.30859375, 426.47265625]

