1,[103.09375, 103.70703125, 143.0546875, 178.65234375, 202.1484375, 219.05859375, 239.51953125, 255.90234375, 272.84375, 285.73046875, 301.96875, 317.953125, 333.46875, 344.6953125, 359.19921875, 373.484375, 387.65625, 397.96875, 412.13671875, 425.734375, 432.9296875, 440.0546875, 428.0546875]

6,[103.08984375, 103.703125, 140.7265625, 174.32421875, 199.59375, 217.03125, 236.98828125, 252.8359375, 270.14453125, 285.39453125, 297.11328125, 311.2890625, 327.3828125, 337.48046875, 352.41796875, 367.6015625, 383.06640625, 397.75390625, 407.2890625, 421.20703125, 436.5625, 426.484375]

11,[103.08984375, 103.70703125, 142.2734375, 177.54296875, 201.55078125, 218.78515625, 238.72265625, 255.36328125, 272.60546875, 285.68359375, 301.40625, 317.6484375, 333.68359375, 345.5390625, 360.74609375, 376.3203125, 391.0078125, 401.0625, 415.2421875, 428.95703125, 439.2421875, 426.47265625]

16,[103.08984375, 103.703125, 142.53515625, 177.8359375, 201.58984375, 218.51953125, 238.71484375, 255.61328125, 272.8046875, 285.9453125, 302.44140625, 318.94140625, 335.45703125, 347.5234375, 363.2265625, 379.7109375, 395.171875, 404.44921875, 418.859375, 433.69140625, 426.47265625]

21,[103.08984375, 103.70703125, 142.43359375, 178.125, 202.1328125, 219.29296875, 239.7578125, 256.65234375, 273.41796875, 286.3828125, 302.62109375, 319.12109375, 335.671875, 347.49609375, 363.2265625, 379.4609375, 394.6640625, 404.19921875, 418.640625, 436.546875, 426.47265625]

26,[103.109375, 103.70703125, 141.4375, 176.46484375, 200.98046875, 218.57421875, 239.02734375, 255.66796875, 272.86328125, 286.015625, 302.22265625, 318.72265625, 335.234375, 347.01953125, 362.453125, 378.9453125, 393.8828125, 403.41796875, 417.921875, 434.66796875, 426.47265625]

31,[103.109375, 103.70703125, 142.2109375, 177.7578125, 201.00390625, 217.76171875, 236.7890625, 253.01171875, 270.08203125, 285.39453125, 298.1171875, 313.83984375, 329.37109375, 340.52734375, 355.73046875, 370.65234375, 385.3359375, 397.96484375, 410.0546875, 423.97265625, 438.37109375, 426.47265625]

36,[103.109375, 103.70703125, 141.953125, 176.34765625, 200.9296875, 218.43359375, 238.6328125, 255.26953125, 272.390625, 285.39453125, 301.60546875, 318.10546875, 334.3671875, 346.43359375, 361.68359375, 378.1328125, 393.0703125, 402.60546875, 417.10546875, 431.79296875, 426.47265625]

41,[103.08984375, 103.70703125, 142.78515625, 178.609375, 202.6171875, 219.78125, 240.25, 256.88671875, 273.4765625, 286.37109375, 302.609375, 319.3671875, 335.671875, 347.7265625, 363.484375, 379.96875, 394.65625, 403.93359375, 417.78515625, 431.2734375, 426.47265625]

46,[103.10546875, 103.703125, 139.88671875, 172.2109375, 197.59765625, 215.296875, 234.48046875, 249.83203125, 266.4375, 283.00390625, 294.96484375, 310.6875, 327.359375, 338.05078125, 353.51171875, 368.33203125, 383.0234375, 397.1953125, 405.47265625, 419.1328125, 436.60546875, 426.46875]

