1,[103.08984375, 103.703125, 140.125, 173.4609375, 198.9765625, 216.46484375, 236.16796875, 252.53125, 269.578125, 285.39453125, 298.10546875, 314.6015625, 330.39453125, 342.1484375, 357.08984375, 372.23828125, 386.41015625, 398.01171875, 410.51953125, 423.6640625, 432.30859375, 434.8125, 428.05078125]

6,[103.08984375, 103.70703125, 140.2265625, 174.76171875, 200.2890625, 218.0234375, 238.234375, 254.34765625, 271.30859375, 285.3984375, 298.24609375, 314.484375, 329.7734375, 340.78125, 355.7265625, 370.6484375, 385.59375, 397.96484375, 410.87109375, 424.53125, 440.06640625, 426.48046875]

11,[103.10546875, 103.703125, 141.69140625, 175.37890625, 199.63671875, 217.2265625, 236.67578125, 253.2890625, 271.1328125, 285.390625, 300.5703125, 316.8125, 333.34765625, 345.359375, 360.5625, 376.87890625, 391.81640625, 401.8671875, 416.484375, 430.2109375, 440.046875, 426.46875]

16,[103.10546875, 103.703125, 142.20703125, 176.390625, 201.1640625, 218.58984375, 239.04296875, 255.68359375, 272.7890625, 285.8515625, 301.83203125, 317.04296875, 333.3125, 345.26171875, 360.46875, 376.3203125, 391.0, 400.79296875, 414.94921875, 428.515625, 440.046875, 426.46875]

21,[103.109375, 103.70703125, 141.953125, 176.86328125, 201.1875, 218.00390625, 238.22265625, 254.84375, 272.21484375, 285.39453125, 301.5078125, 318.0078125, 334.2734375, 346.24609375, 361.68359375, 378.3828125, 393.578125, 403.37109375, 417.453125, 430.75390625, 426.47265625]

26,[103.109375, 103.70703125, 142.46875, 177.90234375, 201.82421875, 218.83203125, 238.66015625, 255.296875, 272.390625, 285.46484375, 301.703125, 318.203125, 334.71875, 346.71484375, 362.1953125, 378.64453125, 393.83984375, 403.375, 417.78125, 434.2109375, 426.47265625]

31,[103.08984375, 103.70703125, 142.29296875, 177.875, 201.88671875, 219.03125, 239.75, 256.38671875, 273.3828125, 286.0, 301.98046875, 317.96484375, 334.05078125, 345.828125, 361.171875, 377.08984375, 391.51953125, 401.5703125, 416.33203125, 430.15625, 426.47265625]

36,[103.08984375, 103.703125, 142.01953125, 177.50390625, 201.51171875, 218.8984375, 239.359375, 255.484375, 272.46484375, 285.515625, 301.49609375, 317.99609375, 334.53125, 346.62109375, 362.19921875, 378.63671875, 393.83984375, 403.6328125, 417.921875, 434.62890625, 426.47265625]

41,[103.08984375, 103.703125, 142.015625, 176.0234375, 200.26953125, 218.0234375, 238.234375, 254.859375, 272.296875, 285.39453125, 301.71875, 318.21875, 334.765625, 346.734375, 361.68359375, 377.609375, 392.5546875, 402.08984375, 416.7890625, 430.51953125, 426.47265625]

46,[103.10546875, 103.703125, 141.94921875, 177.046875, 201.05078125, 218.41796875, 238.6171875, 255.25390625, 272.35546875, 285.390625, 301.58203125, 318.08203125, 334.359375, 346.515625, 361.93359375, 378.125, 393.3203125, 403.11328125, 417.5078125, 433.12890625, 426.46875]

