1,[103.08984375, 103.70703125, 138.6640625, 170.7734375, 196.52734375, 213.19140625, 231.92578125, 246.75390625, 263.08203125, 279.02734375, 291.3984375, 306.08984375, 322.21484375, 335.609375, 347.96875, 362.19921875, 377.09375, 390.4921875, 399.4296875, 413.34375, 426.48828125, 437.06640625, 440.0625, 428.05078125]

6,[103.109375, 103.70703125, 138.85546875, 170.08984375, 196.09765625, 213.19140625, 232.171875, 247.765625, 263.98046875, 279.4140625, 291.44140625, 305.1015625, 320.28515625, 334.44140625, 345.65234375, 359.828125, 375.03125, 388.6875, 398.05859375, 412.23046875, 425.375, 440.06640625, 426.48046875]

11,[103.0859375, 103.69921875, 139.18359375, 171.5546875, 197.3203125, 214.46484375, 233.65625, 249.2578125, 265.1484375, 281.359375, 292.98046875, 307.671875, 323.859375, 335.66796875, 349.8828125, 365.02734375, 379.96875, 393.625, 402.4609375, 416.63671875, 430.03515625, 440.046875, 426.46875]

16,[103.10546875, 103.703125, 140.14453125, 172.11328125, 197.90234375, 215.47265625, 234.9140625, 251.03125, 267.83984375, 284.765625, 296.046875, 311.25390625, 327.328125, 337.10546875, 351.79296875, 366.0546875, 381.00390625, 395.42578125, 403.51953125, 417.43359375, 430.3203125, 440.046875, 426.46875]

21,[103.10546875, 103.703125, 139.88671875, 171.5078125, 197.2890625, 214.4140625, 234.109375, 249.71484375, 266.015625, 282.24609375, 294.33203125, 310.3125, 327.5078125, 338.30859375, 354.28125, 369.1015625, 383.79296875, 397.96875, 407.57421875, 421.234375, 439.953125, 426.46875]

26,[103.10546875, 103.703125, 140.66015625, 173.125, 198.11328125, 215.265625, 234.19140625, 250.0546875, 266.5390625, 283.37109375, 294.890625, 310.09765625, 325.50390625, 335.78125, 350.984375, 366.26953125, 380.9609375, 394.6171875, 402.54296875, 416.203125, 429.6015625, 426.46875]

31,[103.0859375, 103.703125, 140.30078125, 173.703125, 198.9609375, 216.4921875, 235.6796875, 251.79296875, 268.47265625, 284.37109375, 295.8515625, 311.31640625, 327.6640625, 338.23046875, 354.19921875, 369.40234375, 383.8359375, 398.0078125, 407.2578125, 421.17578125, 439.9609375, 426.46875]

36,[103.11328125, 103.7109375, 140.92578125, 174.59375, 199.109375, 216.3984375, 235.84375, 251.69921875, 268.328125, 285.22265625, 297.09765625, 313.33984375, 329.6484375, 341.52734375, 356.46875, 371.69140625, 386.1171875, 397.97265625, 410.109375, 423.51171875, 436.0546875, 426.4765625]

41,[103.0859375, 103.703125, 140.7421875, 174.33203125, 199.33984375, 216.57421875, 236.27734375, 252.3828125, 269.1875, 285.39453125, 297.54296875, 313.78125, 330.1015625, 341.1171875, 356.31640625, 371.41796875, 386.10546875, 397.96484375, 410.68359375, 423.7421875, 434.5390625, 426.46875]

46,[103.10546875, 103.703125, 139.88671875, 171.69140625, 197.4765625, 214.50390625, 234.19921875, 250.31640625, 266.78515625, 283.64453125, 295.26171875, 310.984375, 328.17578125, 339.18359375, 354.8984375, 369.875, 384.81640625, 397.96484375, 408.1328125, 421.79296875, 439.94921875, 426.46875]

