1,[103.08984375, 103.703125, 142.02734375, 177.78515625, 201.796875, 219.19140625, 239.65625, 256.03515625, 272.69921875, 285.39453125, 301.45703125, 317.95703125, 334.25, 346.58203125, 361.94140625, 377.609375, 392.5546875, 402.34765625, 416.765625, 430.56640625, 440.32421875, 441.05078125, 428.05078125]

6,[103.08984375, 103.703125, 142.02734375, 177.5, 201.765625, 218.875, 239.328125, 255.96875, 273.00390625, 286.16015625, 302.3984375, 318.3828125, 333.796875, 344.625, 358.796875, 374.00390625, 388.17578125, 397.97265625, 412.23828125, 425.73046875, 432.66796875, 426.484375]

11,[103.0859375, 103.703125, 141.921875, 176.4375, 200.9375, 218.265625, 238.4609375, 255.359375, 272.6953125, 285.56640625, 301.8046875, 318.3046875, 334.58203125, 346.87890625, 362.44921875, 378.6796875, 393.8828125, 403.41796875, 417.87109375, 433.51953125, 439.71875, 426.46875]

16,[103.0859375, 103.69921875, 142.44140625, 177.72265625, 201.47265625, 218.875, 239.0703125, 255.7109375, 272.73828125, 285.87890625, 301.859375, 318.1015625, 334.1328125, 346.1875, 361.421875, 377.6484375, 392.078125, 402.12890625, 416.765625, 430.5625, 440.046875, 426.46875]

21,[103.10546875, 103.703125, 142.20703125, 176.1484375, 200.15234375, 217.5078125, 236.859375, 252.66796875, 269.203125, 285.390625, 297.54296875, 313.265625, 329.3203125, 340.62890625, 355.05859375, 369.6171875, 384.04296875, 397.9609375, 407.38671875, 420.7890625, 439.9609375, 426.46875]

26,[103.08984375, 103.703125, 141.01953125, 174.375, 199.37890625, 217.0234375, 236.73046875, 252.578125, 269.66015625, 285.40234375, 298.8984375, 315.9140625, 332.4765625, 344.53125, 359.734375, 375.80859375, 390.75390625, 400.80859375, 415.5625, 429.33203125, 426.47265625]

31,[103.08984375, 103.70703125, 142.5234375, 177.44140625, 201.4453125, 218.87890625, 238.81640625, 255.45703125, 272.16015625, 285.3984375, 301.50390625, 317.48828125, 333.53125, 345.16015625, 359.8515625, 375.58984375, 390.01953125, 400.07421875, 414.69140625, 428.62890625, 426.47265625]

36,[103.109375, 103.70703125, 141.1796875, 175.51953125, 200.4375, 218.1953125, 237.90234375, 254.77734375, 271.890625, 285.39453125, 300.8125, 316.796875, 333.34375, 345.44140625, 360.90625, 377.09765625, 391.77734375, 401.828125, 416.53515625, 430.3984375, 426.47265625]

41,[103.0859375, 103.703125, 142.0234375, 176.85546875, 200.58203125, 217.6484375, 237.08984375, 253.1953125, 269.84765625, 285.39453125, 298.2109375, 314.44921875, 330.5078125, 342.1484375, 357.08984375, 372.4921875, 386.6640625, 398.0078125, 411.5390625, 425.0234375, 440.03515625, 426.46875]

46,[103.08984375, 103.703125, 142.28515625, 177.5078125, 201.515625, 218.73046875, 238.92578125, 255.82421875, 272.83203125, 285.984375, 301.70703125, 317.69140625, 333.98046875, 346.0078125, 361.42578125, 377.86328125, 392.80859375, 402.6015625, 417.22265625, 431.89453125, 426.47265625]

