1,[103.11328125, 103.7109375, 140.92578125, 172.92578125, 198.1953125, 216.19921875, 236.16015625, 252.78125, 270.10546875, 285.39453125, 299.41015625, 316.2109375, 332.25, 343.85546875, 359.05859375, 374.78125, 389.71875, 400.02734375, 414.67578125, 428.6015625, 440.0859375, 440.58203125, 428.0546875]

6,[103.08984375, 103.70703125, 142.2734375, 177.546875, 201.5546875, 218.63671875, 238.83203125, 255.47265625, 272.68359375, 285.765625, 302.00390625, 317.98828125, 334.0078125, 345.60546875, 360.55078125, 375.8515625, 390.5390625, 400.8515625, 415.2890625, 429.1796875, 439.5546875, 426.48046875]

11,[103.109375, 103.70703125, 141.953125, 176.34765625, 200.9296875, 218.1796875, 238.37890625, 255.2734375, 272.3203125, 285.39453125, 301.69921875, 318.19921875, 334.46484375, 346.6484375, 361.42578125, 377.09765625, 391.00390625, 400.5390625, 414.87890625, 428.671875, 437.4921875, 426.47265625]

16,[103.0859375, 103.69921875, 141.265625, 176.203125, 200.9609375, 218.28515625, 238.2421875, 255.125, 272.23046875, 285.390625, 301.65625, 318.15625, 334.703125, 346.546875, 361.9375, 378.421875, 393.625, 403.41796875, 417.88671875, 433.5078125, 426.46875]

21,[103.0859375, 103.703125, 141.76953125, 177.21875, 201.4609375, 218.66796875, 239.125, 255.765625, 272.796875, 285.9609375, 302.19921875, 318.69921875, 334.96875, 347.1328125, 362.44921875, 378.63671875, 393.32421875, 402.859375, 417.4296875, 432.1796875, 426.46875]

26,[103.10546875, 103.703125, 142.20703125, 177.890625, 201.91015625, 218.97265625, 239.43359375, 256.09375, 273.1796875, 286.203125, 302.44140625, 319.19921875, 335.6640625, 347.47265625, 362.66796875, 378.8984375, 394.3515625, 403.88671875, 418.14453125, 435.546875, 426.46875]

31,[103.109375, 103.70703125, 141.953125, 176.5859375, 200.84765625, 218.05078125, 238.01953125, 254.515625, 271.640625, 285.39453125, 300.3359375, 316.3203125, 331.58984375, 342.9296875, 357.1015625, 371.1640625, 384.30078125, 397.4453125, 405.05078125, 418.453125, 434.50390625, 426.47265625]

36,[103.10546875, 103.703125, 140.14453125, 172.859375, 198.6484375, 216.24609375, 236.01171875, 252.015625, 268.9375, 285.390625, 297.40234375, 313.3828125, 329.6875, 341.12890625, 355.81640625, 370.90625, 385.33203125, 397.9609375, 408.4921875, 422.66796875, 434.5390625, 426.46875]

41,[103.0859375, 103.703125, 141.9453125, 177.10546875, 201.08984375, 218.28515625, 237.984375, 254.35546875, 271.3984375, 285.390625, 300.1640625, 316.40625, 331.93359375, 343.95703125, 359.19140625, 374.8203125, 389.25, 399.5625, 413.8984375, 427.60546875, 426.46875]

46,[103.0859375, 103.69921875, 141.92578125, 177.12109375, 201.36328125, 218.578125, 239.03125, 255.671875, 272.87890625, 286.0625, 302.30078125, 318.80078125, 335.3359375, 347.43359375, 363.22265625, 379.7109375, 395.171875, 404.44921875, 418.828125, 437.7109375, 426.46875]

