1,[587.4375, 588.16796875, 590.03515625, 590.07421875, 592.91796875, 600.9453125, 607.74609375, 614.1328125, 619.984375, 623.69140625, 629.51953125, 635.2265625, 640.48828125, 645.80078125, 651.125, 656.1328125, 661.26171875, 666.1953125, 668.953125, 674.01953125, 678.90234375, 683.80078125, 688.68359375, 693.32421875, 698.02734375, 702.54296875, 707.09375, 709.05859375, 709.40234375, 709.40234375, 708.3203125]

6,[587.44140625, 588.16796875, 590.03515625, 590.0703125, 590.3125, 590.3828125, 590.41015625, 590.42578125, 590.43359375, 590.44140625, 590.453125, 589.29296875]

11,[587.44140625, 588.171875, 590.0390625, 590.078125, 590.13671875, 590.13671875, 590.13671875, 590.13671875, 590.13671875, 588.8984375]

16,[587.4375, 588.16796875, 590.03125, 590.0703125, 590.13671875, 590.13671875, 590.13671875, 590.13671875, 590.13671875, 588.8984375]

21,[587.4375, 588.16796875, 590.03515625, 590.07421875, 590.13671875, 590.13671875, 590.13671875, 590.13671875, 588.890625]

26,[587.4375, 588.16796875, 590.03515625, 590.07421875, 590.1328125, 590.1328125, 590.1328125, 590.1328125, 588.89453125]

31,[587.44140625, 588.171875, 590.0390625, 590.07421875, 590.140625, 590.140625, 590.140625, 590.140625, 588.90234375]

36,[587.44140625, 588.171875, 590.0390625, 590.078125, 590.13671875, 590.13671875, 590.13671875, 590.13671875, 588.88671875]

41,[587.4375, 588.16796875, 590.03515625, 590.07421875, 590.125, 590.125, 590.125, 590.125, 588.87890625]

46,[587.4375, 588.16796875, 590.03125, 590.0703125, 590.125, 590.125, 590.125, 588.8828125]

