1,[587.4375, 588.1640625, 590.03125, 590.0703125, 593.046875, 600.99609375, 607.7734375, 614.12890625, 619.984375, 623.9453125, 629.4765625, 634.9375, 640.2265625, 645.59765625, 650.8828125, 655.96484375, 660.96484375, 665.94140625, 668.953125, 673.84765625, 678.6328125, 683.53125, 688.4765625, 693.16796875, 697.8984375, 702.50390625, 707.09765625, 709.05859375, 709.40234375, 709.40234375, 708.3203125]

6,[587.44140625, 588.171875, 590.0390625, 590.078125, 590.32421875, 590.390625, 590.41015625, 590.4296875, 590.43359375, 590.44140625, 590.453125, 589.29296875]

11,[587.4375, 588.16796875, 590.03515625, 590.07421875, 590.1328125, 590.1328125, 590.1328125, 590.1328125, 590.1328125, 588.89453125]

16,[587.4375, 588.16796875, 590.03515625, 590.07421875, 590.13671875, 590.13671875, 590.13671875, 590.13671875, 590.13671875, 588.8984375]

21,[587.44140625, 588.171875, 590.04296875, 590.078125, 590.13671875, 590.13671875, 590.13671875, 590.13671875, 588.8984375]

26,[587.4375, 588.16796875, 590.03515625, 590.07421875, 590.1328125, 590.1328125, 590.1328125, 590.1328125, 588.89453125]

31,[587.4453125, 588.17578125, 590.04296875, 590.08203125, 590.140625, 590.140625, 590.140625, 590.140625, 588.890625]

36,[587.44140625, 588.171875, 590.0390625, 590.07421875, 590.13671875, 590.13671875, 590.13671875, 590.13671875, 588.8984375]

41,[587.4375, 588.1640625, 590.03515625, 590.07421875, 590.125, 590.125, 590.125, 588.87890625]

46,[587.44140625, 588.171875, 590.0390625, 590.078125, 590.12890625, 590.12890625, 590.12890625, 588.88671875]

