1,[587.44140625, 588.171875, 590.0390625, 590.078125, 593.1328125, 601.16796875, 608.09375, 614.3984375, 619.984375, 624.1796875, 630.0, 635.7421875, 641.16796875, 646.4375, 651.734375, 656.78515625, 661.95703125, 666.5, 669.98046875, 674.8359375, 679.71875, 684.609375, 689.65625, 694.265625, 698.90625, 703.5703125, 708.15625, 709.0625, 709.40234375, 709.40234375, 708.32421875]

6,[587.44140625, 588.171875, 590.0390625, 590.07421875, 590.30859375, 590.38671875, 590.41015625, 590.42578125, 590.43359375, 590.44140625, 590.453125, 589.2890625]

11,[587.44140625, 588.171875, 590.0390625, 590.078125, 590.140625, 590.140625, 590.140625, 590.140625, 590.140625, 588.8984375]

16,[587.44140625, 588.171875, 590.0390625, 590.078125, 590.13671875, 590.13671875, 590.13671875, 590.13671875, 590.13671875, 588.8984375]

21,[587.44140625, 588.16796875, 590.0390625, 590.078125, 590.13671875, 590.13671875, 590.13671875, 590.13671875, 588.88671875]

26,[587.44140625, 588.171875, 590.0390625, 590.078125, 590.13671875, 590.13671875, 590.13671875, 590.13671875, 588.890625]

31,[587.44140625, 588.171875, 590.0390625, 590.078125, 590.13671875, 590.13671875, 590.13671875, 590.13671875, 588.8984375]

36,[587.44140625, 588.16796875, 590.0390625, 590.07421875, 590.13671875, 590.13671875, 590.13671875, 590.13671875, 588.8984375]

41,[587.44140625, 588.171875, 590.0390625, 590.078125, 590.12890625, 590.12890625, 590.12890625, 588.8828125]

46,[587.4375, 588.16796875, 590.03515625, 590.07421875, 590.125, 590.125, 588.8828125]

