1,[587.4375, 588.1640625, 590.03125, 590.0703125, 592.30859375, 600.5078125, 607.4921875, 613.89453125, 619.8671875, 623.69140625, 629.4765625, 635.05859375, 640.4375, 645.76953125, 651.05859375, 656.171875, 661.34765625, 666.28515625, 669.20703125, 674.36328125, 679.24609375, 684.16015625, 688.98046875, 693.64453125, 698.3359375, 702.90625, 707.58203125, 709.05859375, 709.40234375, 709.40234375, 708.3203125]

6,[587.4375, 588.16796875, 590.03515625, 590.07421875, 590.3125, 590.38671875, 590.40625, 590.421875, 590.4296875, 590.4375, 590.44921875, 589.2890625]

11,[587.4375, 588.16796875, 590.03515625, 590.07421875, 590.1328125, 590.1328125, 590.1328125, 590.1328125, 590.1328125, 588.8984375]

16,[587.4375, 588.16796875, 590.03515625, 590.07421875, 590.1328125, 590.1328125, 590.1328125, 590.1328125, 590.1328125, 588.89453125]

21,[587.4375, 588.16796875, 590.03515625, 590.07421875, 590.13671875, 590.13671875, 590.13671875, 590.13671875, 588.8984375]

26,[587.4375, 588.16796875, 590.03515625, 590.07421875, 590.1328125, 590.1328125, 590.1328125, 590.1328125, 588.89453125]

31,[587.4375, 588.16796875, 590.03515625, 590.07421875, 590.1328125, 590.1328125, 590.1328125, 590.1328125, 588.89453125]

36,[587.44140625, 588.171875, 590.0390625, 590.078125, 590.13671875, 590.13671875, 590.13671875, 590.13671875, 588.8984375]

41,[587.44140625, 588.171875, 590.0390625, 590.078125, 590.12890625, 590.12890625, 590.12890625, 588.89453125]

46,[587.4375, 588.16796875, 590.03515625, 590.07421875, 590.125, 590.125, 590.125, 588.8828125]

