1,[587.4375, 588.1640625, 590.03515625, 590.078125, 595.453125, 603.94921875, 611.43359375, 618.078125, 622.37109375, 628.7265625, 635.25, 641.5546875, 647.31640625, 652.98046875, 658.76171875, 664.5078125, 667.44140625, 673.09375, 678.88671875, 684.484375, 689.94921875, 695.171875, 700.51171875, 705.66015625, 709.05859375, 709.40234375, 709.40234375, 708.3203125]

6,[587.44140625, 588.171875, 590.04296875, 590.0859375, 590.375, 590.3984375, 590.421875, 590.43359375, 590.44140625, 590.45703125, 589.29296875]

11,[587.44140625, 588.171875, 590.0390625, 590.0859375, 590.13671875, 590.13671875, 590.13671875, 590.13671875, 588.90625]

16,[587.4453125, 588.17578125, 590.046875, 590.08984375, 590.140625, 590.140625, 590.140625, 590.140625, 588.91015625]

21,[587.44140625, 588.171875, 590.046875, 590.09375, 590.13671875, 590.13671875, 590.13671875, 588.8984375]

26,[587.44140625, 588.171875, 590.046875, 590.0859375, 590.13671875, 590.13671875, 590.13671875, 588.88671875]

31,[587.44140625, 588.171875, 590.046875, 590.08984375, 590.140625, 590.140625, 590.140625, 588.890625]

36,[587.44140625, 588.171875, 590.046875, 590.08984375, 590.13671875, 590.13671875, 590.13671875, 588.88671875]

41,[587.4375, 588.16796875, 590.0390625, 590.08203125, 590.125, 590.125, 590.125, 588.8828125]

46,[587.4375, 588.16796875, 590.04296875, 590.0859375, 590.125, 590.125, 588.8828125]

