1,[587.44140625, 588.171875, 590.0390625, 590.07421875, 591.25390625, 599.80078125, 606.796875, 613.21875, 619.234375, 623.0859375, 628.76171875, 634.5546875, 639.90234375, 645.33984375, 650.6171875, 655.7265625, 660.859375, 665.8046875, 668.70703125, 673.59375, 678.4765625, 683.6328125, 688.421875, 693.171875, 697.94921875, 702.59375, 707.35546875, 709.05859375, 709.40625, 709.40625, 708.32421875]

6,[587.44140625, 588.171875, 590.0390625, 590.07421875, 590.3125, 590.38671875, 590.41015625, 590.42578125, 590.43359375, 590.44140625, 590.453125, 590.53125, 589.2890625]

11,[587.44140625, 588.171875, 590.04296875, 590.08203125, 590.13671875, 590.13671875, 590.13671875, 590.13671875, 590.13671875, 588.8984375]

16,[587.44140625, 588.171875, 590.04296875, 590.08203125, 590.13671875, 590.13671875, 590.13671875, 590.13671875, 590.13671875, 588.90234375]

21,[587.4375, 588.1640625, 590.03515625, 590.0703125, 590.13671875, 590.13671875, 590.13671875, 590.13671875, 588.8984375]

26,[587.4375, 588.16796875, 590.03515625, 590.07421875, 590.1328125, 590.1328125, 590.1328125, 590.1328125, 588.8828125]

31,[587.44140625, 588.171875, 590.0390625, 590.08203125, 590.13671875, 590.13671875, 590.13671875, 590.13671875, 588.88671875]

36,[587.4453125, 588.17578125, 590.04296875, 590.08203125, 590.140625, 590.140625, 590.140625, 590.140625, 588.90234375]

41,[587.44140625, 588.171875, 590.0390625, 590.078125, 590.12890625, 590.12890625, 590.12890625, 588.8828125]

46,[587.44140625, 588.171875, 590.0390625, 590.078125, 590.12890625, 590.12890625, 588.88671875]

