1,[103.1171875, 103.68359375, 109.27734375, 113.7890625, 116.69921875]

6,[104.3359375, 104.3359375, 104.3359375, 104.33984375, 104.34375, 104.34375, 104.34375, 104.36328125]

11,[104.328125, 104.328125, 104.328125, 104.33203125, 104.3359375, 104.3359375, 104.3359375, 104.3359375]

16,[104.328125, 104.328125, 104.328125, 104.33203125, 104.3359375, 104.3359375, 104.3359375, 104.3515625]

21,[104.31640625, 104.31640625, 104.31640625, 104.31640625, 104.31640625, 104.31640625, 104.31640625]

26,[104.31640625, 104.31640625, 104.31640625, 104.3203125, 104.3203125, 104.3203125, 104.3203125]

31,[104.3125, 104.3125, 104.3125, 104.31640625, 104.3203125, 104.3203125, 104.3203125]

36,[104.30859375, 104.3125, 104.3125, 104.31640625, 104.31640625, 104.31640625, 104.31640625]

41,[104.3046875, 104.3046875, 104.3046875, 104.3125, 104.31640625, 104.31640625, 104.31640625]

46,[104.3125, 104.3125, 104.3125, 104.31640625, 104.31640625, 104.31640625, 104.31640625]

