1,[103.11328125, 103.6796875, 109.2578125, 113.7890625, 116.69921875]

6,[104.3359375, 104.3359375, 104.3359375, 104.33984375, 104.34375, 104.34375, 104.34375, 104.36328125]

11,[104.33203125, 104.33203125, 104.33203125, 104.3359375, 104.33984375, 104.33984375, 104.33984375, 104.33984375]

16,[104.32421875, 104.32421875, 104.32421875, 104.328125, 104.33203125, 104.33203125, 104.33203125, 104.33203125]

21,[104.31640625, 104.31640625, 104.31640625, 104.32421875, 104.32421875, 104.32421875, 104.32421875]

26,[104.30859375, 104.3125, 104.3125, 104.31640625, 104.31640625, 104.31640625, 104.31640625]

31,[104.3125, 104.3125, 104.3125, 104.31640625, 104.3203125, 104.3203125, 104.3203125]

36,[104.3125, 104.3125, 104.3125, 104.3203125, 104.3203125, 104.3203125, 104.3203125]

41,[104.30859375, 104.30859375, 104.30859375, 104.31640625, 104.3203125, 104.3203125, 104.3203125]

46,[104.30078125, 104.30859375, 104.30859375, 104.3125, 104.3125, 104.3125, 104.3125]

